-1.7139505235735806 -0.01001829144412884 0.45350165451556845 -212.15184083144558
0.044081516675174 1.6969606650406432 0.3036972877373779 -24.75672149288037
1.128569598414484E-4 5.8933230951928446E-5 6.388640766595373E-4 -0.0033242688221217787
516.0 374.0 1.0 -161.47854614257813 37.27276611328125 -593.4098510742188 1.0
606.0 136.0 1.0 -142.90390014648438 94.31749725341797 -595.7947387695313 1.0
361.0 78.0 1.0 -196.6265869140625 106.45759582519531 -578.65185546875 1.0
284.0 321.0 1.0 -221.5822296142578 52.778663635253906 -648.83447265625 1.0
427.0 173.0 1.0 -184.34707641601563 89.32170104980469 -644.8076782226563 1.0
404.0 403.0 1.0 -202.89370727539063 33.498939514160156 -735.8421630859375 1.0
180.0 408.0 1.0 -264.7767333984375 33.08367919921875 -720.44140625 1.0
168.0 119.0 1.0 -260.8374938964844 113.48041534423828 -700.361083984375 1.0
136.0 292.0 1.0 -277.3529357910156 65.24530792236328 -719.8070678710938 1.0
482.0 267.0 1.0 -190.1389617919922 78.28924560546875 -787.8067016601563 1.0
214.0 330.0 1.0 -267.1067199707031 59.96244812011719 -788.0380249023438 1.0
229.0 114.0 1.0 -264.65887451171875 125.57218170166016 -788.1121826171875 1.0
382.0 42.0 1.0 -220.7667694091797 151.3687286376953 -805.0181884765625 1.0
193.0 128.0 1.0 -294.4617614746094 138.96786499023438 -898.8931884765625 1.0
427.0 353.0 1.0 -200.57391357421875 52.08971405029297 -810.6844482421875 1.0
185.0 371.0 1.0 -277.5197448730469 47.23879623413086 -812.7241821289063 1.0
342.0 160.0 1.0 -230.59628295898438 114.93492126464844 -815.9421997070313 1.0
124.0 195.0 1.0 -304.49560546875 106.56643676757813 -836.1906127929688 1.0
399.0 157.0 1.0 -216.62115478515625 121.46934509277344 -859.1826782226563 1.0
373.0 368.0 1.0 -244.51995849609375 55.33815002441406 -1003.3319702148438 1.0
