1.5523668907903858 -0.0047122405701625954 -0.4287716596642558 171.86520437632413
-0.011191751836136486 -1.4993732523457959 -0.27661150384894506 17.779162692387263
2.739721748774914E-5 -5.9951443341331903E-5 -6.190082382239143E-4 -0.010499028140363187
543.0 342.0 1.0 -171.68777465820313 57.581695556640625 -914.6510009765625 1.0
543.0 80.0 1.0 -172.40296936035156 150.53038024902344 -901.5007934570313 1.0
109.0 115.0 1.0 -324.12213134765625 137.70909118652344 -897.4298706054688 1.0
111.0 385.0 1.0 -321.6626892089844 45.20729064941406 -902.9844970703125 1.0
438.0 186.0 1.0 -206.53797912597656 113.6322021484375 -901.36474609375 1.0
237.0 194.0 1.0 -240.56808471679688 91.8866195678711 -715.0750732421875 1.0
226.0 399.0 1.0 -245.4140167236328 32.75144577026367 -721.127197265625 1.0
570.0 60.0 1.0 -153.65396118164063 128.06837463378906 -713.5906372070313 1.0
307.0 155.0 1.0 -278.1385192871094 142.73707580566406 -1048.9739990234375 1.0
354.0 400.0 1.0 -259.6452941894531 39.425662994384766 -1069.6729736328125 1.0
183.0 302.0 1.0 -245.0159149169922 57.691261291503906 -645.451904296875 1.0
531.0 136.0 1.0 -158.0366668701172 92.80889129638672 -604.8717651367188 1.0
559.0 403.0 1.0 -148.48289489746094 27.733739852905273 -588.3265380859375 1.0
313.0 150.0 1.0 -193.10841369628906 80.52677917480469 -528.223876953125 1.0
366.0 404.0 1.0 -189.2613525390625 25.478879928588867 -561.17822265625 1.0
191.0 129.0 1.0 -276.0378723144531 123.5111083984375 -820.54541015625 1.0
135.0 375.0 1.0 -296.40655517578125 43.09042739868164 -828.7632446289063 1.0
314.0 179.0 1.0 -215.09329223632813 90.83136749267578 -666.884521484375 1.0
388.0 58.0 1.0 -191.93350219726563 114.34819793701172 -621.3522338867188 1.0
311.0 432.0 1.0 -209.0137481689453 21.713720321655273 -613.0217895507813 1.0
