1.5111960215072109 -0.012278063844534714 -0.41153601827250547 170.8050357911427
-0.003850765968626324 -1.4553737311125914 -0.2689991346888967 17.38811860290613
5.8363145887172795E-5 -7.566703420836417E-5 -5.9035193446554E-4 0.0019018350584630306
227.0 406.0 1.0 -289.98687744140625 36.98225402832031 -948.8633422851563 1.0
121.0 136.0 1.0 -320.69134521484375 133.67523193359375 -918.3125 1.0
575.0 61.0 1.0 -165.22824096679688 161.2106475830078 -925.7980346679688 1.0
568.0 409.0 1.0 -163.1711883544922 32.4037971496582 -936.26904296875 1.0
425.0 313.0 1.0 -201.0059814453125 61.612892150878906 -803.0943603515625 1.0
422.0 101.0 1.0 -199.55987548828125 125.45104217529297 -779.4859619140625 1.0
204.0 297.0 1.0 -264.04217529296875 65.96357727050781 -777.2592163085938 1.0
287.0 185.0 1.0 -222.5723114013672 90.12431335449219 -675.199951171875 1.0
458.0 395.0 1.0 -184.86305236816406 34.27714157104492 -724.9381713867188 1.0
519.0 106.0 1.0 -163.2683563232422 111.18209075927734 -682.9742431640625 1.0
207.0 346.0 1.0 -251.15853881835938 46.83967208862305 -707.214111328125 1.0
127.0 112.0 1.0 -285.61474609375 120.97500610351563 -764.4924926757813 1.0
236.0 257.0 1.0 -224.627197265625 64.24755859375 -617.0331420898438 1.0
354.0 70.0 1.0 -198.72056579589844 109.54190063476563 -610.6007080078125 1.0
531.0 269.0 1.0 -149.1851806640625 51.588104248046875 -497.2817687988281 1.0
595.0 93.0 1.0 -138.3194122314453 85.18516540527344 -488.1284484863281 1.0
90.0 432.0 1.0 -331.3701171875 28.406293869018555 -916.9509887695313 1.0
80.0 233.0 1.0 -334.9916076660156 99.4864730834961 -918.2828369140625 1.0
229.0 360.0 1.0 -286.4234313964844 53.70223617553711 -928.9944458007813 1.0
188.0 119.0 1.0 -335.8842468261719 167.37893676757813 -1109.929443359375 1.0
