-1.384169540823462 -0.01798882691576472 0.3786941936769051 -156.8908058506404
0.047377505271899 1.344552887957211 0.24326278786279643 -12.139458363232519
6.481361832631129E-5 -6.879245932362741E-6 5.22159631595981E-4 0.0054615303047999
138.0 78.0 1.0 -331.1612548828125 166.43971252441406 -973.8911743164063 1.0
96.0 448.0 1.0 -344.9711608886719 21.66810417175293 -970.9447631835938 1.0
556.0 397.0 1.0 -172.65188598632813 38.64584732055664 -985.0027465820313 1.0
571.0 61.0 1.0 -169.68128967285156 168.71511840820313 -979.856689453125 1.0
351.0 48.0 1.0 -264.3307189941406 193.35337829589844 -1077.1431884765625 1.0
338.0 413.0 1.0 -272.19952392578125 40.639434814453125 -1101.8311767578125 1.0
199.0 256.0 1.0 -280.7048645019531 86.61091613769531 -860.7658081054688 1.0
557.0 261.0 1.0 -172.7606658935547 85.73058319091797 -942.8628540039063 1.0
541.0 76.0 1.0 -174.52841186523438 147.26290893554688 -864.3313598632813 1.0
161.0 409.0 1.0 -292.6939392089844 33.843013763427734 -846.2819213867188 1.0
163.0 159.0 1.0 -260.3531799316406 98.4961929321289 -694.36865234375 1.0
528.0 429.0 1.0 -163.7317657470703 24.001535415649414 -706.5896606445313 1.0
380.0 283.0 1.0 -191.922119140625 58.867061614990234 -615.56005859375 1.0
305.0 136.0 1.0 -212.88938903808594 96.08826446533203 -631.7213745117188 1.0
240.0 388.0 1.0 -221.67369079589844 32.70936584472656 -596.7477416992188 1.0
559.0 333.0 1.0 -150.951904296875 43.325172424316406 -602.55517578125 1.0
474.0 173.0 1.0 -162.1181640625 74.37549591064453 -522.7156982421875 1.0
294.0 411.0 1.0 -202.09996032714844 24.808752059936523 -548.6467895507813 1.0
585.0 197.0 1.0 -134.4679412841797 58.57447814941406 -424.9461364746094 1.0
207.0 215.0 1.0 -280.84954833984375 100.69783782958984 -878.2057495117188 1.0
