-1.591665437633424 -0.052117388573098285 0.43657034123819155 -176.8927126217387
0.01886617219312751 1.5318887709430073 0.2835146999100381 -17.820040524055997
9.333155019526216E-6 3.853466712493328E-6 6.094132679260501E-4 -0.002004547609455065
148.0 156.0 1.0 -324.7398986816406 133.36732482910156 -959.9956665039063 1.0
564.0 86.0 1.0 -173.17311096191406 160.3460693359375 -971.053466796875 1.0
539.0 414.0 1.0 -180.6591796875 33.633567810058594 -1006.7548828125 1.0
186.0 418.0 1.0 -317.7535705566406 35.35533905029297 -1013.9627075195313 1.0
304.0 364.0 1.0 -251.7841796875 50.94528579711914 -893.4861450195313 1.0
355.0 136.0 1.0 -222.80445861816406 113.15885925292969 -765.9239501953125 1.0
559.0 283.0 1.0 -159.33355712890625 70.66991424560547 -786.9427490234375 1.0
127.0 285.0 1.0 -282.9830627441406 68.34027099609375 -749.5349731445313 1.0
185.0 94.0 1.0 -254.75270080566406 117.11540985107422 -695.7557373046875 1.0
314.0 447.0 1.0 -244.84207153320313 16.093076705932617 -883.1925659179688 1.0
483.0 237.0 1.0 -183.89598083496094 86.6090316772461 -820.3567504882813 1.0
378.0 230.0 1.0 -196.0688934326172 73.27455139160156 -648.540283203125 1.0
502.0 76.0 1.0 -162.77890014648438 112.0052719116211 -630.2566528320313 1.0
171.0 178.0 1.0 -243.51942443847656 85.31858825683594 -623.6719360351563 1.0
337.0 366.0 1.0 -199.128662109375 35.63459396362305 -591.8189697265625 1.0
288.0 244.0 1.0 -205.3338165283203 63.1420783996582 -562.2286376953125 1.0
252.0 376.0 1.0 -213.79176330566406 34.26641082763672 -573.0130004882813 1.0
564.0 181.0 1.0 -147.1571807861328 79.70818328857422 -580.531005859375 1.0
463.0 55.0 1.0 -166.93861389160156 103.33574676513672 -553.9185180664063 1.0
517.0 405.0 1.0 -155.5872039794922 27.761676788330078 -566.02783203125 1.0
