-1.7139505235735806 -0.01001829144412884 0.45350165451556845 -212.15184083144558
0.044081516675174 1.6969606650406432 0.3036972877373779 -24.75672149288037
1.128569598414484E-4 5.8933230951928446E-5 6.388640766595373E-4 -0.0033242688221217787
516.0 374.0 1.0 -161.47854614257813 37.27276611328125 -593.4098510742188 1.0
606.0 136.0 1.0 -142.90390014648438 94.31749725341797 -595.7947387695313 1.0
361.0 78.0 1.0 -196.6265869140625 106.45759582519531 -578.65185546875 1.0
284.0 321.0 1.0 -221.5822296142578 52.778663635253906 -648.83447265625 1.0
427.0 173.0 1.0 -184.34707641601563 89.32170104980469 -644.8076782226563 1.0
404.0 403.0 1.0 -202.89370727539063 33.498939514160156 -735.8421630859375 1.0
180.0 408.0 1.0 -264.7767333984375 33.08367919921875 -720.44140625 1.0
168.0 119.0 1.0 -260.8374938964844 113.48041534423828 -700.361083984375 1.0
136.0 292.0 1.0 -277.3529357910156 65.24530792236328 -719.8070678710938 1.0
482.0 267.0 1.0 -190.1389617919922 78.28924560546875 -787.8067016601563 1.0
214.0 330.0 1.0 -267.1067199707031 59.96244812011719 -788.0380249023438 1.0
229.0 114.0 1.0 -264.65887451171875 125.57218170166016 -788.1121826171875 1.0
382.0 42.0 1.0 -220.7667694091797 151.3687286376953 -805.0181884765625 1.0
193.0 128.0 1.0 -294.4617614746094 138.96786499023438 -898.8931884765625 1.0
427.0 353.0 1.0 -200.57391357421875 52.08971405029297 -810.6844482421875 1.0
185.0 371.0 1.0 -277.5197448730469 47.23879623413086 -812.7241821289063 1.0
342.0 160.0 1.0 -230.59628295898438 114.93492126464844 -815.9421997070313 1.0
124.0 195.0 1.0 -304.49560546875 106.56643676757813 -836.1906127929688 1.0
399.0 157.0 1.0 -216.62115478515625 121.46934509277344 -859.1826782226563 1.0
373.0 368.0 1.0 -244.51995849609375 55.33815002441406 -1003.3319702148438 1.0
543.0 342.0 1.0 -171.68777465820313 57.581695556640625 -914.6510009765625 1.0
543.0 80.0 1.0 -172.40296936035156 150.53038024902344 -901.5007934570313 1.0
109.0 115.0 1.0 -324.12213134765625 137.70909118652344 -897.4298706054688 1.0
111.0 385.0 1.0 -321.6626892089844 45.20729064941406 -902.9844970703125 1.0
438.0 186.0 1.0 -206.53797912597656 113.6322021484375 -901.36474609375 1.0
237.0 194.0 1.0 -240.56808471679688 91.8866195678711 -715.0750732421875 1.0
226.0 399.0 1.0 -245.4140167236328 32.75144577026367 -721.127197265625 1.0
570.0 60.0 1.0 -153.65396118164063 128.06837463378906 -713.5906372070313 1.0
307.0 155.0 1.0 -278.1385192871094 142.73707580566406 -1048.9739990234375 1.0
354.0 400.0 1.0 -259.6452941894531 39.425662994384766 -1069.6729736328125 1.0
183.0 302.0 1.0 -245.0159149169922 57.691261291503906 -645.451904296875 1.0
531.0 136.0 1.0 -158.0366668701172 92.80889129638672 -604.8717651367188 1.0
559.0 403.0 1.0 -148.48289489746094 27.733739852905273 -588.3265380859375 1.0
313.0 150.0 1.0 -193.10841369628906 80.52677917480469 -528.223876953125 1.0
366.0 404.0 1.0 -189.2613525390625 25.478879928588867 -561.17822265625 1.0
191.0 129.0 1.0 -276.0378723144531 123.5111083984375 -820.54541015625 1.0
135.0 375.0 1.0 -296.40655517578125 43.09042739868164 -828.7632446289063 1.0
314.0 179.0 1.0 -215.09329223632813 90.83136749267578 -666.884521484375 1.0
388.0 58.0 1.0 -191.93350219726563 114.34819793701172 -621.3522338867188 1.0
311.0 432.0 1.0 -209.0137481689453 21.713720321655273 -613.0217895507813 1.0
227.0 406.0 1.0 -289.98687744140625 36.98225402832031 -948.8633422851563 1.0
121.0 136.0 1.0 -320.69134521484375 133.67523193359375 -918.3125 1.0
575.0 61.0 1.0 -165.22824096679688 161.2106475830078 -925.7980346679688 1.0
568.0 409.0 1.0 -163.1711883544922 32.4037971496582 -936.26904296875 1.0
425.0 313.0 1.0 -201.0059814453125 61.612892150878906 -803.0943603515625 1.0
422.0 101.0 1.0 -199.55987548828125 125.45104217529297 -779.4859619140625 1.0
204.0 297.0 1.0 -264.04217529296875 65.96357727050781 -777.2592163085938 1.0
287.0 185.0 1.0 -222.5723114013672 90.12431335449219 -675.199951171875 1.0
458.0 395.0 1.0 -184.86305236816406 34.27714157104492 -724.9381713867188 1.0
519.0 106.0 1.0 -163.2683563232422 111.18209075927734 -682.9742431640625 1.0
207.0 346.0 1.0 -251.15853881835938 46.83967208862305 -707.214111328125 1.0
127.0 112.0 1.0 -285.61474609375 120.97500610351563 -764.4924926757813 1.0
236.0 257.0 1.0 -224.627197265625 64.24755859375 -617.0331420898438 1.0
354.0 70.0 1.0 -198.72056579589844 109.54190063476563 -610.6007080078125 1.0
531.0 269.0 1.0 -149.1851806640625 51.588104248046875 -497.2817687988281 1.0
595.0 93.0 1.0 -138.3194122314453 85.18516540527344 -488.1284484863281 1.0
90.0 432.0 1.0 -331.3701171875 28.406293869018555 -916.9509887695313 1.0
80.0 233.0 1.0 -334.9916076660156 99.4864730834961 -918.2828369140625 1.0
229.0 360.0 1.0 -286.4234313964844 53.70223617553711 -928.9944458007813 1.0
188.0 119.0 1.0 -335.8842468261719 167.37893676757813 -1109.929443359375 1.0
138.0 78.0 1.0 -331.1612548828125 166.43971252441406 -973.8911743164063 1.0
96.0 448.0 1.0 -344.9711608886719 21.66810417175293 -970.9447631835938 1.0
556.0 397.0 1.0 -172.65188598632813 38.64584732055664 -985.0027465820313 1.0
571.0 61.0 1.0 -169.68128967285156 168.71511840820313 -979.856689453125 1.0
351.0 48.0 1.0 -264.3307189941406 193.35337829589844 -1077.1431884765625 1.0
338.0 413.0 1.0 -272.19952392578125 40.639434814453125 -1101.8311767578125 1.0
199.0 256.0 1.0 -280.7048645019531 86.61091613769531 -860.7658081054688 1.0
557.0 261.0 1.0 -172.7606658935547 85.73058319091797 -942.8628540039063 1.0
541.0 76.0 1.0 -174.52841186523438 147.26290893554688 -864.3313598632813 1.0
161.0 409.0 1.0 -292.6939392089844 33.843013763427734 -846.2819213867188 1.0
163.0 159.0 1.0 -260.3531799316406 98.4961929321289 -694.36865234375 1.0
528.0 429.0 1.0 -163.7317657470703 24.001535415649414 -706.5896606445313 1.0
380.0 283.0 1.0 -191.922119140625 58.867061614990234 -615.56005859375 1.0
305.0 136.0 1.0 -212.88938903808594 96.08826446533203 -631.7213745117188 1.0
240.0 388.0 1.0 -221.67369079589844 32.70936584472656 -596.7477416992188 1.0
559.0 333.0 1.0 -150.951904296875 43.325172424316406 -602.55517578125 1.0
474.0 173.0 1.0 -162.1181640625 74.37549591064453 -522.7156982421875 1.0
294.0 411.0 1.0 -202.09996032714844 24.808752059936523 -548.6467895507813 1.0
585.0 197.0 1.0 -134.4679412841797 58.57447814941406 -424.9461364746094 1.0
207.0 215.0 1.0 -280.84954833984375 100.69783782958984 -878.2057495117188 1.0
148.0 156.0 1.0 -324.7398986816406 133.36732482910156 -959.9956665039063 1.0
564.0 86.0 1.0 -173.17311096191406 160.3460693359375 -971.053466796875 1.0
539.0 414.0 1.0 -180.6591796875 33.633567810058594 -1006.7548828125 1.0
186.0 418.0 1.0 -317.7535705566406 35.35533905029297 -1013.9627075195313 1.0
304.0 364.0 1.0 -251.7841796875 50.94528579711914 -893.4861450195313 1.0
355.0 136.0 1.0 -222.80445861816406 113.15885925292969 -765.9239501953125 1.0
559.0 283.0 1.0 -159.33355712890625 70.66991424560547 -786.9427490234375 1.0
127.0 285.0 1.0 -282.9830627441406 68.34027099609375 -749.5349731445313 1.0
185.0 94.0 1.0 -254.75270080566406 117.11540985107422 -695.7557373046875 1.0
314.0 447.0 1.0 -244.84207153320313 16.093076705932617 -883.1925659179688 1.0
483.0 237.0 1.0 -183.89598083496094 86.6090316772461 -820.3567504882813 1.0
378.0 230.0 1.0 -196.0688934326172 73.27455139160156 -648.540283203125 1.0
502.0 76.0 1.0 -162.77890014648438 112.0052719116211 -630.2566528320313 1.0
171.0 178.0 1.0 -243.51942443847656 85.31858825683594 -623.6719360351563 1.0
337.0 366.0 1.0 -199.128662109375 35.63459396362305 -591.8189697265625 1.0
288.0 244.0 1.0 -205.3338165283203 63.1420783996582 -562.2286376953125 1.0
252.0 376.0 1.0 -213.79176330566406 34.26641082763672 -573.0130004882813 1.0
564.0 181.0 1.0 -147.1571807861328 79.70818328857422 -580.531005859375 1.0
463.0 55.0 1.0 -166.93861389160156 103.33574676513672 -553.9185180664063 1.0
517.0 405.0 1.0 -155.5872039794922 27.761676788330078 -566.02783203125 1.0
