1.6380400513461664 -5.286675477061316E-4 -0.42126167214557564 83.65883817583584
0.020200868919747414 -1.5139893596735088 -0.2747110787710624 31.84094083501643
4.4314148028949554E-5 3.426760716105004E-6 -5.868797627342585E-4 0.020811645815770607
361.0 360.0 1.0 -122.707763671875 40.572349548339844 -579.9512939453125 1.0
511.0 123.0 1.0 -89.25154113769531 95.68051147460938 -583.24462890625 1.0
121.0 133.0 1.0 -176.11190795898438 92.58545684814453 -577.6220092773438 1.0
122.0 418.0 1.0 -176.4175262451172 24.776607513427734 -585.9899291992188 1.0
258.0 334.0 1.0 -139.57081604003906 45.310516357421875 -553.2693481445313 1.0
493.0 157.0 1.0 -89.42262268066406 83.01887512207031 -541.5853881835938 1.0
561.0 437.0 1.0 -75.0852279663086 21.833730697631836 -554.3626708984375 1.0
116.0 129.0 1.0 -164.4694366455078 87.11246490478516 -535.5735473632813 1.0
373.0 411.0 1.0 -117.53215789794922 29.127378463745117 -559.7423706054688 1.0
451.0 245.0 1.0 -99.09436798095703 65.39478302001953 -556.3509521484375 1.0
169.0 270.0 1.0 -159.03494262695313 59.98402404785156 -562.3516845703125 1.0
340.0 137.0 1.0 -123.15970611572266 90.09949493408203 -561.6317138671875 1.0
399.0 33.0 1.0 -155.34634399414063 178.3087921142578 -943.4765625 1.0
73.0 291.0 1.0 -268.1162109375 80.58705139160156 -948.3427124023438 1.0
281.0 424.0 1.0 -154.8116455078125 26.210052490234375 -686.83056640625 1.0
537.0 410.0 1.0 -106.63082122802734 36.15862274169922 -928.5250854492188 1.0
139.0 411.0 1.0 -240.5757598876953 36.264068603515625 -911.2667236328125 1.0
321.0 223.0 1.0 -179.00877380371094 104.96907043457031 -916.2345581054688 1.0
270.0 422.0 1.0 -207.87196350097656 32.58523941040039 -992.8630981445313 1.0
406.0 304.0 1.0 -157.12730407714844 76.64303588867188 -981.9232177734375 1.0
