-2.179864642432012 -0.08996505903881305 0.5795677918318781 -96.86905476896308
0.07276189760028903 2.013031832736375 0.36502715096603133 -34.496895313478305
2.1125072913869266E-4 -2.816198644766542E-4 7.48108926522452E-4 -0.01073951035501558
134.0 112.0 1.0 -167.98983764648438 97.4477310180664 -566.4202270507813 1.0
514.0 51.0 1.0 -88.79444885253906 117.5369873046875 -606.0230712890625 1.0
188.0 253.0 1.0 -154.78765869140625 63.31126403808594 -554.5364990234375 1.0
117.0 447.0 1.0 -169.56298828125 19.41584014892578 -562.0379638671875 1.0
473.0 361.0 1.0 -93.49979400634766 37.93938446044922 -529.291015625 1.0
589.0 216.0 1.0 -69.3876953125 67.23076629638672 -522.946533203125 1.0
341.0 421.0 1.0 -116.9304428100586 25.552377700805664 -536.593505859375 1.0
176.0 276.0 1.0 -143.88124084472656 53.68048858642578 -487.219482421875 1.0
470.0 187.0 1.0 -87.38557434082031 70.47142791748047 -487.0694885253906 1.0
366.0 378.0 1.0 -106.53275299072266 33.012996673583984 -500.47845458984375 1.0
266.0 155.0 1.0 -126.217529296875 77.75402069091797 -491.1748046875 1.0
350.0 154.0 1.0 -132.4396209716797 97.54901123046875 -645.065673828125 1.0
258.0 391.0 1.0 -155.26414489746094 37.2750358581543 -652.5316162109375 1.0
63.0 357.0 1.0 -201.7715606689453 45.38085174560547 -650.2037353515625 1.0
591.0 227.0 1.0 -75.08827209472656 75.98652648925781 -639.466796875 1.0
331.0 165.0 1.0 -155.24342346191406 111.06694030761719 -785.365234375 1.0
293.0 334.0 1.0 -163.3988494873047 54.3768196105957 -740.9675903320313 1.0
87.0 284.0 1.0 -218.11801147460938 69.1939468383789 -733.7698974609375 1.0
438.0 349.0 1.0 -98.77603149414063 41.383567810058594 -534.1258544921875 1.0
327.0 266.0 1.0 -130.35443115234375 64.21891021728516 -602.7035522460938 1.0
