1.3954580007887982 0.038884316780448715 -0.36351549075244355 68.54178466818614
-0.02432942320422338 -1.3458108440455196 -0.2505217601656623 18.655590426718618
-1.0075097847291941E-4 6.619393914491115E-5 -4.964788000615287E-4 0.011575487222648284
372.0 382.0 1.0 -161.97164916992188 50.37077713012695 -936.2614135742188 1.0
590.0 272.0 1.0 -86.8695068359375 87.67205810546875 -911.0075073242188 1.0
131.0 275.0 1.0 -243.1108856201172 85.97990417480469 -914.8651123046875 1.0
87.0 67.0 1.0 -258.67706298828125 160.9949493408203 -903.9984741210938 1.0
134.0 374.0 1.0 -277.90606689453125 59.78165817260742 -1084.0018310546875 1.0
398.0 221.0 1.0 -166.7942657470703 122.47305297851563 -1063.3720703125 1.0
502.0 68.0 1.0 -127.15483093261719 182.83998107910156 -1052.9986572265625 1.0
83.0 218.0 1.0 -273.9751281738281 114.44036102294922 -968.249267578125 1.0
127.0 94.0 1.0 -254.55844116210938 160.89398193359375 -956.1471557617188 1.0
183.0 378.0 1.0 -236.22598266601563 53.58420181274414 -979.3175659179688 1.0
262.0 217.0 1.0 -208.21395874023438 112.17289733886719 -961.1255493164063 1.0
318.0 131.0 1.0 -159.32411193847656 123.64811706542969 -787.2717895507813 1.0
79.0 133.0 1.0 -231.2837677001953 120.43437194824219 -781.2325439453125 1.0
232.0 365.0 1.0 -163.30300903320313 42.439571380615234 -678.0787963867188 1.0
510.0 152.0 1.0 -93.7926254272461 100.2181625366211 -662.4750366210938 1.0
463.0 417.0 1.0 -107.93760681152344 29.15957260131836 -678.8394775390625 1.0
582.0 250.0 1.0 -77.74030303955078 74.69599914550781 -672.4758911132813 1.0
241.0 196.0 1.0 -142.21080017089844 74.2021484375 -552.6795043945313 1.0
442.0 74.0 1.0 -100.44703674316406 101.23733520507813 -549.1942138671875 1.0
412.0 404.0 1.0 -107.2997055053711 29.684890747070313 -562.6801147460938 1.0
