-1.771255220461548 -0.06759965591297788 0.4702238968470388 -76.74670101366993
0.03522823425965322 1.6552970128357314 0.3035455660201419 -28.143295355560436
1.1197181843240816E-4 -2.1083498336150664E-4 6.370172149609131E-4 0.003659340414942147
156.0 158.0 1.0 -235.90806579589844 129.6336669921875 -912.3550415039063 1.0
536.0 380.0 1.0 -108.14533233642578 49.61662673950195 -934.9791259765625 1.0
518.0 125.0 1.0 -110.96089172363281 142.744140625 -930.7611083984375 1.0
102.0 378.0 1.0 -256.2776794433594 49.62080001831055 -932.9093017578125 1.0
375.0 218.0 1.0 -161.25205993652344 106.92308807373047 -933.541748046875 1.0
70.0 55.0 1.0 -218.22537231445313 135.2908172607422 -715.2451782226563 1.0
138.0 390.0 1.0 -199.58615112304688 40.05410385131836 -726.08740234375 1.0
459.0 429.0 1.0 -115.32129669189453 29.106298446655273 -744.447265625 1.0
443.0 186.0 1.0 -116.56039428710938 96.69024658203125 -718.0233154296875 1.0
298.0 301.0 1.0 -157.79771423339844 65.70652770996094 -742.0614624023438 1.0
140.0 145.0 1.0 -173.79261779785156 95.6977767944336 -603.7220458984375 1.0
144.0 369.0 1.0 -174.80972290039063 39.78092575073242 -614.54736328125 1.0
410.0 324.0 1.0 -112.01499938964844 51.290313720703125 -598.4578247070313 1.0
485.0 85.0 1.0 -92.66145324707031 106.76226806640625 -591.0473022460938 1.0
299.0 256.0 1.0 -149.83982849121094 74.27053833007813 -695.147216796875 1.0
137.0 182.0 1.0 -188.66473388671875 93.8631820678711 -670.1145629882813 1.0
426.0 383.0 1.0 -117.23027801513672 40.182735443115234 -692.5562133789063 1.0
391.0 151.0 1.0 -110.57295227050781 86.30447387695313 -554.3746948242188 1.0
90.0 380.0 1.0 -169.66831970214844 35.006343841552734 -539.5995483398438 1.0
172.0 103.0 1.0 -150.17747497558594 92.09537506103516 -522.570556640625 1.0
