-1.660230065167718 0.024915318267866658 0.44091870827624713 -77.94767684672307
0.03542293768443105 1.6043494672143281 0.2947326620327041 -23.881531375224025
1.3812936092932987E-4 1.0312995821733685E-5 6.044150279141969E-4 -0.0035586691744768917
185.0 109.0 1.0 -227.004150390625 151.80667114257813 -939.2930297851563 1.0
142.0 443.0 1.0 -249.77691650390625 25.374513626098633 -961.9890747070313 1.0
552.0 367.0 1.0 -104.47431182861328 58.00961685180664 -972.8599243164063 1.0
575.0 131.0 1.0 -92.70277404785156 144.51661682128906 -959.4583129882813 1.0
403.0 109.0 1.0 -134.82745361328125 130.05311584472656 -803.4876098632813 1.0
334.0 371.0 1.0 -157.66064453125 47.994422912597656 -810.2686157226563 1.0
150.0 186.0 1.0 -211.0472412109375 107.05841064453125 -798.095703125 1.0
138.0 400.0 1.0 -218.5240478515625 38.69702911376953 -809.7827758789063 1.0
322.0 113.0 1.0 -142.41946411132813 111.07487487792969 -672.627197265625 1.0
486.0 267.0 1.0 -100.71687316894531 72.08903503417969 -684.061767578125 1.0
478.0 438.0 1.0 -104.80390930175781 25.442140579223633 -695.358642578125 1.0
232.0 344.0 1.0 -165.5514373779297 50.727012634277344 -692.6697387695313 1.0
197.0 173.0 1.0 -159.7494659423828 87.48056030273438 -601.9942626953125 1.0
331.0 64.0 1.0 -129.7168426513672 112.3958969116211 -601.3502197265625 1.0
588.0 231.0 1.0 -72.19750213623047 72.7840576171875 -608.7601318359375 1.0
56.0 282.0 1.0 -191.47140502929688 60.862998962402344 -603.395263671875 1.0
285.0 210.0 1.0 -126.58966827392578 68.61720275878906 -513.8505249023438 1.0
468.0 81.0 1.0 -89.6456527709961 95.1944808959961 -509.30804443359375 1.0
364.0 402.0 1.0 -111.67394256591797 28.31867027282715 -517.7218627929688 1.0
564.0 362.0 1.0 -73.37708282470703 38.15111541748047 -516.8717041015625 1.0
