1.6380400513461664 -5.286675477061316E-4 -0.42126167214557564 83.65883817583584
0.020200868919747414 -1.5139893596735088 -0.2747110787710624 31.84094083501643
4.4314148028949554E-5 3.426760716105004E-6 -5.868797627342585E-4 0.020811645815770607
361.0 360.0 1.0 -122.707763671875 40.572349548339844 -579.9512939453125 1.0
511.0 123.0 1.0 -89.25154113769531 95.68051147460938 -583.24462890625 1.0
121.0 133.0 1.0 -176.11190795898438 92.58545684814453 -577.6220092773438 1.0
122.0 418.0 1.0 -176.4175262451172 24.776607513427734 -585.9899291992188 1.0
258.0 334.0 1.0 -139.57081604003906 45.310516357421875 -553.2693481445313 1.0
493.0 157.0 1.0 -89.42262268066406 83.01887512207031 -541.5853881835938 1.0
561.0 437.0 1.0 -75.0852279663086 21.833730697631836 -554.3626708984375 1.0
116.0 129.0 1.0 -164.4694366455078 87.11246490478516 -535.5735473632813 1.0
373.0 411.0 1.0 -117.53215789794922 29.127378463745117 -559.7423706054688 1.0
451.0 245.0 1.0 -99.09436798095703 65.39478302001953 -556.3509521484375 1.0
169.0 270.0 1.0 -159.03494262695313 59.98402404785156 -562.3516845703125 1.0
340.0 137.0 1.0 -123.15970611572266 90.09949493408203 -561.6317138671875 1.0
399.0 33.0 1.0 -155.34634399414063 178.3087921142578 -943.4765625 1.0
73.0 291.0 1.0 -268.1162109375 80.58705139160156 -948.3427124023438 1.0
281.0 424.0 1.0 -154.8116455078125 26.210052490234375 -686.83056640625 1.0
537.0 410.0 1.0 -106.63082122802734 36.15862274169922 -928.5250854492188 1.0
139.0 411.0 1.0 -240.5757598876953 36.264068603515625 -911.2667236328125 1.0
321.0 223.0 1.0 -179.00877380371094 104.96907043457031 -916.2345581054688 1.0
270.0 422.0 1.0 -207.87196350097656 32.58523941040039 -992.8630981445313 1.0
406.0 304.0 1.0 -157.12730407714844 76.64303588867188 -981.9232177734375 1.0
134.0 112.0 1.0 -167.98983764648438 97.4477310180664 -566.4202270507813 1.0
514.0 51.0 1.0 -88.79444885253906 117.5369873046875 -606.0230712890625 1.0
188.0 253.0 1.0 -154.78765869140625 63.31126403808594 -554.5364990234375 1.0
117.0 447.0 1.0 -169.56298828125 19.41584014892578 -562.0379638671875 1.0
473.0 361.0 1.0 -93.49979400634766 37.93938446044922 -529.291015625 1.0
589.0 216.0 1.0 -69.3876953125 67.23076629638672 -522.946533203125 1.0
341.0 421.0 1.0 -116.9304428100586 25.552377700805664 -536.593505859375 1.0
176.0 276.0 1.0 -143.88124084472656 53.68048858642578 -487.219482421875 1.0
470.0 187.0 1.0 -87.38557434082031 70.47142791748047 -487.0694885253906 1.0
366.0 378.0 1.0 -106.53275299072266 33.012996673583984 -500.47845458984375 1.0
266.0 155.0 1.0 -126.217529296875 77.75402069091797 -491.1748046875 1.0
350.0 154.0 1.0 -132.4396209716797 97.54901123046875 -645.065673828125 1.0
258.0 391.0 1.0 -155.26414489746094 37.2750358581543 -652.5316162109375 1.0
63.0 357.0 1.0 -201.7715606689453 45.38085174560547 -650.2037353515625 1.0
591.0 227.0 1.0 -75.08827209472656 75.98652648925781 -639.466796875 1.0
331.0 165.0 1.0 -155.24342346191406 111.06694030761719 -785.365234375 1.0
293.0 334.0 1.0 -163.3988494873047 54.3768196105957 -740.9675903320313 1.0
87.0 284.0 1.0 -218.11801147460938 69.1939468383789 -733.7698974609375 1.0
438.0 349.0 1.0 -98.77603149414063 41.383567810058594 -534.1258544921875 1.0
327.0 266.0 1.0 -130.35443115234375 64.21891021728516 -602.7035522460938 1.0
372.0 382.0 1.0 -161.97164916992188 50.37077713012695 -936.2614135742188 1.0
590.0 272.0 1.0 -86.8695068359375 87.67205810546875 -911.0075073242188 1.0
131.0 275.0 1.0 -243.1108856201172 85.97990417480469 -914.8651123046875 1.0
87.0 67.0 1.0 -258.67706298828125 160.9949493408203 -903.9984741210938 1.0
134.0 374.0 1.0 -277.90606689453125 59.78165817260742 -1084.0018310546875 1.0
398.0 221.0 1.0 -166.7942657470703 122.47305297851563 -1063.3720703125 1.0
502.0 68.0 1.0 -127.15483093261719 182.83998107910156 -1052.9986572265625 1.0
83.0 218.0 1.0 -273.9751281738281 114.44036102294922 -968.249267578125 1.0
127.0 94.0 1.0 -254.55844116210938 160.89398193359375 -956.1471557617188 1.0
183.0 378.0 1.0 -236.22598266601563 53.58420181274414 -979.3175659179688 1.0
262.0 217.0 1.0 -208.21395874023438 112.17289733886719 -961.1255493164063 1.0
318.0 131.0 1.0 -159.32411193847656 123.64811706542969 -787.2717895507813 1.0
79.0 133.0 1.0 -231.2837677001953 120.43437194824219 -781.2325439453125 1.0
232.0 365.0 1.0 -163.30300903320313 42.439571380615234 -678.0787963867188 1.0
510.0 152.0 1.0 -93.7926254272461 100.2181625366211 -662.4750366210938 1.0
463.0 417.0 1.0 -107.93760681152344 29.15957260131836 -678.8394775390625 1.0
582.0 250.0 1.0 -77.74030303955078 74.69599914550781 -672.4758911132813 1.0
241.0 196.0 1.0 -142.21080017089844 74.2021484375 -552.6795043945313 1.0
442.0 74.0 1.0 -100.44703674316406 101.23733520507813 -549.1942138671875 1.0
412.0 404.0 1.0 -107.2997055053711 29.684890747070313 -562.6801147460938 1.0
156.0 158.0 1.0 -235.90806579589844 129.6336669921875 -912.3550415039063 1.0
536.0 380.0 1.0 -108.14533233642578 49.61662673950195 -934.9791259765625 1.0
518.0 125.0 1.0 -110.96089172363281 142.744140625 -930.7611083984375 1.0
102.0 378.0 1.0 -256.2776794433594 49.62080001831055 -932.9093017578125 1.0
375.0 218.0 1.0 -161.25205993652344 106.92308807373047 -933.541748046875 1.0
70.0 55.0 1.0 -218.22537231445313 135.2908172607422 -715.2451782226563 1.0
138.0 390.0 1.0 -199.58615112304688 40.05410385131836 -726.08740234375 1.0
459.0 429.0 1.0 -115.32129669189453 29.106298446655273 -744.447265625 1.0
443.0 186.0 1.0 -116.56039428710938 96.69024658203125 -718.0233154296875 1.0
298.0 301.0 1.0 -157.79771423339844 65.70652770996094 -742.0614624023438 1.0
140.0 145.0 1.0 -173.79261779785156 95.6977767944336 -603.7220458984375 1.0
144.0 369.0 1.0 -174.80972290039063 39.78092575073242 -614.54736328125 1.0
410.0 324.0 1.0 -112.01499938964844 51.290313720703125 -598.4578247070313 1.0
485.0 85.0 1.0 -92.66145324707031 106.76226806640625 -591.0473022460938 1.0
299.0 256.0 1.0 -149.83982849121094 74.27053833007813 -695.147216796875 1.0
137.0 182.0 1.0 -188.66473388671875 93.8631820678711 -670.1145629882813 1.0
426.0 383.0 1.0 -117.23027801513672 40.182735443115234 -692.5562133789063 1.0
391.0 151.0 1.0 -110.57295227050781 86.30447387695313 -554.3746948242188 1.0
90.0 380.0 1.0 -169.66831970214844 35.006343841552734 -539.5995483398438 1.0
172.0 103.0 1.0 -150.17747497558594 92.09537506103516 -522.570556640625 1.0
185.0 109.0 1.0 -227.004150390625 151.80667114257813 -939.2930297851563 1.0
142.0 443.0 1.0 -249.77691650390625 25.374513626098633 -961.9890747070313 1.0
552.0 367.0 1.0 -104.47431182861328 58.00961685180664 -972.8599243164063 1.0
575.0 131.0 1.0 -92.70277404785156 144.51661682128906 -959.4583129882813 1.0
403.0 109.0 1.0 -134.82745361328125 130.05311584472656 -803.4876098632813 1.0
334.0 371.0 1.0 -157.66064453125 47.994422912597656 -810.2686157226563 1.0
150.0 186.0 1.0 -211.0472412109375 107.05841064453125 -798.095703125 1.0
138.0 400.0 1.0 -218.5240478515625 38.69702911376953 -809.7827758789063 1.0
322.0 113.0 1.0 -142.41946411132813 111.07487487792969 -672.627197265625 1.0
486.0 267.0 1.0 -100.71687316894531 72.08903503417969 -684.061767578125 1.0
478.0 438.0 1.0 -104.80390930175781 25.442140579223633 -695.358642578125 1.0
232.0 344.0 1.0 -165.5514373779297 50.727012634277344 -692.6697387695313 1.0
197.0 173.0 1.0 -159.7494659423828 87.48056030273438 -601.9942626953125 1.0
331.0 64.0 1.0 -129.7168426513672 112.3958969116211 -601.3502197265625 1.0
588.0 231.0 1.0 -72.19750213623047 72.7840576171875 -608.7601318359375 1.0
56.0 282.0 1.0 -191.47140502929688 60.862998962402344 -603.395263671875 1.0
285.0 210.0 1.0 -126.58966827392578 68.61720275878906 -513.8505249023438 1.0
468.0 81.0 1.0 -89.6456527709961 95.1944808959961 -509.30804443359375 1.0
364.0 402.0 1.0 -111.67394256591797 28.31867027282715 -517.7218627929688 1.0
564.0 362.0 1.0 -73.37708282470703 38.15111541748047 -516.8717041015625 1.0
